max_dice_coef:0.9961109161376953
max_val_dice_coef:0.9262642860412598
max_tpr:0.9976400136947632
min_fpr:0.00010600718087516725
max_tpr:0.9976400136947632
min_fpr:0.00010600718087516725

max_dice_coef:0.9956160187721252
max_val_dice_coef:0.934770405292511
max_tpr:0.9970941543579102
min_fpr:0.00012348496238701046
max_tpr:0.9970941543579102
min_fpr:0.00012348496238701046
