
max_dice_coef:0.9896669983863831
max_val_dice_coef:0.9481684565544128
max_tpr:0.9929465651512146
min_fpr:0.00030258885817602277
max_tpr:0.9929465651512146
min_fpr:0.00030258885817602277
