max_dice_coef:0.989628791809082
max_val_dice_coef:0.9494923949241638
max_tpr:0.9930171370506287
min_fpr:0.00034300223342143
max_tpr:0.9930171370506287
min_fpr:0.00034300223342143
