max_dice_coef:0.9953579306602478
max_val_dice_coef:0.935697078704834
max_tpr:0.9969472289085388
min_fpr:0.000136545451823622
max_tpr:0.9969472289085388
min_fpr:0.000136545451823622
